19
9
0,0,0
1,1,0
2,2,0
3,3,0
4,4,0
5,5,0
6,6,0,I,0
7,7,0,I,0
8,8,0,I,3.0
9,9,0,I,0
10,10,0,I,0
11,11,0
12,12,0
13,13,0
14,14,0
15,15,0
16,16,0
17,17,0
18,18,0
19,19,0
20,0,1
21,1,1
22,2,1
23,3,1
24,4,1
25,5,1
26,6,1,I,0
27,7,1,I,0
28,8,1,I,0
29,9,1,I,0
30,10,1,I,0
31,11,1
32,12,1
33,13,1
34,14,1
35,15,1
36,16,1
37,17,1
38,18,1
39,19,1
40,0,2
41,1,2
42,2,2
43,3,2
44,4,2
45,5,2,I,0
46,6,2,I,0
47,7,2,I,0
48,8,2,I,0
49,9,2,I,0
50,10,2,I,0
51,11,2
52,12,2
53,13,2
54,14,2
55,15,2
56,16,2
57,17,2
58,18,2
59,19,2
60,0,3
61,1,3
62,2,3
63,3,3
64,4,3
65,5,3,I,0
66,6,3,I,2.0
67,7,3,I,0
68,8,3
69,9,3
70,10,3
71,11,3
72,12,3
73,13,3
74,14,3
75,15,3
76,16,3
77,17,3
78,18,3,D,0.0,5,A,IND
79,19,3
80,0,4
81,1,4,D,0.0,1,E,IND
82,2,4
83,3,4,D,0.0,2,D,IND
84,4,4
85,5,4,I,0
86,6,4,I,0
87,7,4,I,0
88,8,4,I,1.0
89,9,4
90,10,4
91,11,4
92,12,4
93,13,4
94,14,4
95,15,4
96,16,4
97,17,4
98,18,4
99,19,4
100,0,5
101,1,5
102,2,5
103,3,5
104,4,5
105,5,5
106,6,5
107,7,5
108,8,5
109,9,5,I,1.0
110,10,5
111,11,5
112,12,5
113,13,5
114,14,5
115,15,5
116,16,5
117,17,5
118,18,5
119,19,5
120,0,6
121,1,6
122,2,6
123,3,6
124,4,6
125,5,6,D,0.0,3,C,IND
126,6,6
127,7,6
128,8,6
129,9,6
130,10,6
131,11,6
132,12,6
133,13,6
134,14,6
135,15,6
136,16,6
137,17,6
138,18,6
139,19,6
140,0,7
141,1,7
142,2,7
143,3,7
144,4,7
145,5,7
146,6,7
147,7,7
148,8,7
149,9,7
150,10,7
151,11,7
152,12,7
153,13,7
154,14,7
155,15,7,D,0.0,4,B,IND
156,16,7
157,17,7
158,18,7
159,19,7
160,0,8
161,1,8
162,2,8
163,3,8
164,4,8
165,5,8
166,6,8
167,7,8
168,8,8
169,9,8
170,10,8
171,11,8
172,12,8
173,13,8
174,14,8
175,15,8
176,16,8
177,17,8
178,18,8
179,19,8
180,0,9
181,1,9
182,2,9
183,3,9
184,4,9
185,5,9
186,6,9
187,7,9
188,8,9
189,9,9
190,10,9
191,11,9
192,12,9
193,13,9
194,14,9
195,15,9
196,16,9
197,17,9
198,18,9
199,19,9