50
200
01100000000001111110100111000000110101100011100000010101101000111000101100000101100000000111000100011110101000000010101000000011011001010010010110001100100011001110001011010000010100000111010010000100
10100100000101010110010110000000011111100100100000000101000001111000010010001001001010000011000000111110100000111011101100010010101110001110000001110000011011001110111010100011111000000101001111100100
00111000000101111010110101000001110110111010100000010010100111111000100010010000000000000100101100001110100010011101100011110000000001010111001010001110100000111100001100111100101000000010001011011110
11100000000001011000110000000001011011110100100000001111001001010000111011001101001010000101001000100001101110111001000001111000011101100101000011110000011000101100100011110111011110101000100010010100
11011100000001111010110101000000111100001001100000010011010000010000100000110000001010000011101000100111010100101110101111110010000001100001001010001010011010001111111001101000111110110010010110000110
11000000000111110000010010000000000111000001100000010110111010101000110101100101101000000101011001101101101110010001100011101000001101000000010000000110101010010110110100001000000111111001000100001100
00100100000100011010000110000001111010010011000000001000000111100000001110011101101010000000010110010100100110010111110110111011111100010110001101001010000010000000110110000111010110001010100011010100
00100000000101011010100011000000100110001101100000011001000011100000100001001000100000000101010101010100110100011001110100010001100101010011000101111111111011011110010000000011110000001101101100101001
00000100000000010011100100000001101101100011100000001000001111101000001101111000100010000101010110000100011000010010011110001010111100101011111000000011001001011010110100111101111000011100000111111100
10100100000111011110100010000001001100010101100000011101011101011000001010010100101000000110000101111100111000101110000000100001000000110111100011000101011010001010110101010101011100001001111100101101
00000100000011010101101010000000011011111110100000011000011011101000000001011100100010000010001101101010011010010011110011011000100010111100100010001111100010111010101111011100010111111011101001010011
01010100000111100111100101000001010010110001100000001110000011010000010000101100000010000011010110111100111000100011110110011001110010111011100100000010010011110001010000010010101001101111010110110001
01101000000111000000001100000001011111101010100000000000010101100000100001110100001010000101000010001010100000011000001110110001100111101000010101011111101000110110000111010100111111001001101111100000
00110000000101010110110101000000000110001000100000001011100000001000110111011000001010000100010100101010010100011001101010101010010100100000001111001011100000000000011011101010001101010101100110111001
01110100000000000010011000000000001001110111000000000101001000101000000011101101001000000101000100001000110110111000110010101011010010110000101111100110011001111001111100101101001111001001011100001000
10011000000100101100010111000001100101011001100000011011111111000000100000000000100000000110101000111100101000111000000001010011010101001111001000111101110001001111100111100101101110010110111111001011
00110100000101000010101111000000100111111011000000010000110100110000110011000001000000000011000001000100100000100111100101100000101010001101110100110001101001010000110111101110000101010110001010001000
11010100000011011011001101000000001011111111100000001000011010100000010001010000100010000010111110111110101010110010011010101011000111101010010011101111100000011011100010010000010100100001101111100010
10101000000011000110111100000001111001010111100000010001100100100000010000010000101000000111001011100110011010110000000001101010110001000011010110010100111000000001001111111100111011111100010110001000
00111100000110011111010010000000001110110100100000010011000100100000000111110100100010000111100011101010011010011110111010000001100011111100101101111111011011001110011001011100011101110101111011100100
01101100000010100111001111000000110101101101100000001010000010010000010000110000000010000010101111111010000000101000010110000001000110110101000100011010101010000100101111000000111101011101010100110101
01110100000011000111001110000001100000010100100000011101000111110000100110011001100000000101111010110001001110001001011010010000101000110011110011000110101010100111000001101000110101011011100111011111
00101000000000101001000101000000010101111001000000001111110001010000101011111100100010000111011011000000001100100010001111110001010010000101100111011111110000101000010101110011101000111010010111011011
01010000000101011010110111000000100111101101100000011111010001101000111111000000000010000101010100110001110100001010110001110011111001101010000011000001010011101101000001100010010111111101101011101011
10000000000000111010110100000000110101111110100000000011100000101000110100111000000000000001111100101110011100001000011010111000010110110101010010111011011011111010100111011000000110110101111011100100
10000100000110110000010001000000101101011100100000010110010110111000001001010100001000000011001101011100011010010011111110010010000010000011101001010110000011110100111000010011010110010110101101100100
11010100000110110010100100000001000001110000100000000110101000100000010010001101100000000001100011010101010000100110010010101010111101111001010001111010100010001000100101110110100011001101101100010110
10110000000101000010001011000000010101100100000000000110101110000000010000010001001000000101111001011111000110101010101110010011001010011100101111100100100010111001101010101111101000010111101101111110
00100000000110000000011001000000100100011101100000000101110111010000010100001000100010000111101110000000110110111000000000110001010110000001001100101010001011110100100100101001001101111100100100000000
00111000000110011000001110000000011111000101000000011101101000010000111001011001000010000001111010001000100000001100000001101000010011000110100100011001010001110101001001101101000001101110010000001010
11100100000000011110010010000001000100110010000000011001010111011000110001010101100010000100111011101000011000001100010000000001100111011100101100011111101011001011111101110100101101110111110110101000
11010100000110100101110001000000101011001100100000001010110000011000011110100101000010000001000010011111101000011101010101111000000011111010101010100100000001101100001111011100110011110010000001110110
10101000000111010001110100000000101011101010000000000101101111000000111110101100101000000001000110001000010000110011110110011011000100100111010101001001000011011011100110111100100100110001001100111001
10001000000110110011100100000001111001000011000000000001111111101000000100100100001000000000010011111011011110000100111101100011010011011101011001010101111000111010110011111101101000101110000000110011
00001100000001010110111010000001010010000100100000001111001010111000011000101101001010000101001000100110111000111010010010000010010111001001100011100101000001111111000000101111100000101100001001010010
01010000000011010101010001000001111000111111000000011000010111001000010101110000001000000010010110001001110000011111001110000001111100101100100011100001011000110010110010001111010101001000000001100011
11010000000010001010011100000000100111111111000000010100110001100000011100111100101010000010001100101101011000011101011011100011111000010101111111011010110001111001011010111001000101110001100110001100
01110000000001010010100101000001010101110011000000010000010000111000011110010101000010000001100010111101011100010110011110101010001101110111011111010101111011010001011001111001100101010011110101101101
01111100000010111100010000000001011101011011000000000101001100110000011000000000001010000011000010010010110110110101011011010001111101000100111110011001101010001001111111000101011000111100001110001011
10010000000000000101010001000001101000110001000000000001111101011000110011001100001000000110111001000010111110000010001011110010001111101001010111011011110000000111000001100101001010010110010000100101
00000100000110111101110000000000001010111001000000001000110001100000111100100001101010000111000011000001110000010000111111110010111100111110001101110000010010100001010100110011111011100111010111101000
11101000000010000001001000000001001100111001100000001010010001110000100110100101100010000011101111001010110100000000011001101000000101001110111100010111000001011101000100010100101010011110110111000110
11011100000100110110100101000001111101100100000000000000101011100000010000010000000010000001010010101100010000001111100100101010100110101000101101110001111010110110000101000100101111111011001000101111
00011000000101110001000001000001100001000011100000001111010110100000011000000001001010000001100011110010100110011110000001110011000110011100010010010000011000110001101110100100001011101011100010011110
11011000000010000010000110000000100100001010000000000111011011111000100000011100100000000000101011100010011110100101010101101000011000111011010000010001000001100011101011101001110111100100111001000001
11001100000101101001111110000001010100100110100000001000110101001000011010011100000000000001110001000000111010011110110110011001101110100011100001000101100011001000110101101010011110011010101010110111
11010000000010001000110110000001000110010000000000000101001100100000011111110001000000000111010010101100011110111111100000001011111101101101100111011101001011101101100110000101010010110111000110000000
00001000000000111100110110000001010011101110000000000111110110011000110001010001001010000001000101101001010110111110110111010000101010100001101110000001110000111010111111001101000101000101001110000010
01101100000011100100011011000001110100001101100000011010000101001000011101100000100010000000010010101010101110100100010010100010100001111011011001011111000010111100101000100101000011010010011100010000
10100100000011001001010101000000001001011100000000010111011101110000110011100000001010000000000101111100111000101110100011101011100101101111010000101000000011111110101101111100101111001110100100111010