50
200
01110100000000000010011000000000001001110111000000000101001000011000011110100101000010000001000010011111101000011101010101111000000011111010101000000011001001011010110100111101111000011100000110001000
01110100000000000010011000000000001001110111000000000101001000011000011110100101000010000001000010011111101000011101010101111000000011111010101000000011001001011010110100111100110011110010000000110111
01110100000000000010011000000000001001110111000000000101001000011000011110100101000010000001000010011111101000011101010101111000000011111010101000000011001001011010110100111101111000011100000110001000
01110100000000000010011000000000001001110111000000000101001000011000011110100101000010000001000010011111101000011101010101111000000011111010101000000010000001101100001111011100110011110010000000001000
01110100000000000010011000000000001001110111000000000101001000011000011110100101000010000001000010011111101000011101010101111000000011111010101000000011001001011010110100111101111000011100000110001000
01110100000000000010011000000000001001110111000000000101001000011000011110100101000010000001000010011111101000011101010101111000000011111010101000000011001001011010110100111101111000011100000110001000
01110100000000000010011000000000001001110111000000000101001000011000011110100101000010000001000010011111101000011101010101111000000011111010101000000011001001011010110100111101111000011100000110001000
01110100000000000010011000000000001001110111000000000101001000011000011110100101000010000001000010011111101000011101010101111000000011111010101000000011001001011010110100111100110011110010000001111100
01110100000000000010011000000000001001110111000000000101001000011000011110100101000010000001000010011111101000011101010101111000000011111010101000000011001001011010110100111101111000011100000110001000
01110100000000000010011000000000001001110111000000000101001000011000011110100101000010000001000010011111101000011101010101111000000011111010101000000011001001011010110100111100110011110010000000110111
01110100000000000010011000000000001001110111000000000101001000011000011110100101000010000001000010011111101000011101010101111000000011111010101000000011001001011010110100111100110011110010000000110111
01110100000000000010011000000000001001110111000000000101001000011000011110100101000010000001000010011111101000011101010101111000000011111010101000000011001001011010110100111101111000011100000110001000
01110100000000000010011000000000001001110111000000000101001000011000011110100101000010000001000010011111101000011101010101111000000011111010101000000011001001011010110100111101111000011100000110001000
01110100000000000010011000000000001001110111000000000101001000011000011110100101000010000001000010011111101000011101010101111000000011111010101000000011001001011010110100111101111000011100000110001000
01110100000000000010011000000000001001110111000000000101001000011000011110100101000010000001000010011111101000011101010101111000000011111010101000000011001001011010110100111101111000011100000110001000
01110100000000000010011000000000001001110111000000000101001000011000011110100101000010000001000010011111101000011101010101111000000011111010101000000011001001011010110100111100110011110010000000110111
01110100000000000010011000000000001001110111000000000101001000011000011110100101000010000001000010011111101000011101010101111000000011111010101000000011001001011010110100111100110011110010000000110111
01110100000000000010011000000000001001110111000000000101001000011000011110100101000010000001000010011111101000011101010101111000000011111010101000000011001001011010110100111101111000011100000110001000
01110100000000000010011000000000001001110111000000000101001000011000011110100101000010000001000010011111101000011101010101111000000011111010101000000011001001011010110100111100110011110010000000110111
01110100000000000010011000000000001001110111000000000101001000011000011110100101000010000001000010011111101000011101010101111000000011111010101000000011001001011010110100111101111000011100000110001000
01110100000000000010011000000000001001110111000000000101001000011000011110100101000010000001000010011111101000011101010101111000000011111010101000000011001001011010110100111101111000011100000110110111
01110100000000000010011000000000001001110111000000000101001000011000011110100101000010000001000010011111101000011101010101111000000011111010101000000010000001101100001111011100110011110010000000001000
01110100000000000010011000000000001001110111000000000101001000011000011110100101000010000001000010011111101000011101010101111000000011111010101000000011001001011010110100111100110011110010000000110111
01110100000000000010011000000000001001110111000000000101001000011000011110100101000010000001000010011111101000011101010101111000000011111010101000000011001001011010110100111101111000011100000110001000
01110100000000000010011000000000001001110111000000000101001000011000011110100101000010000001000010011111101000011101010101111000000011111010101000000011001001011010110100111100110011110010000000110111
01110100000000000010011000000000001001110111000000000101001000011000011110100101000010000001000010011111101000011101010101111000000011111010101000000011001001011010110100111101111000011100000110001000
01110100000000000010011000000000001001110111000000000101001000011000011110100101000010000001000010011111101000011101010101111000000011111010101000000010000001101100001111011100110011110010000000001000
01110100000000000010011000000000001001110111000000000101001000011000011110100101000010000001000010011111101000011101010101111000000011111010101000000011001001011010110100111101111000011100000110001000
01110100000000000010011000000000001001110111000000000101001000011000011110100101000010000001000010011111101000011101010101111000000011111010101000000011001001011010110100111101111000011100000110001000
01110100000000000010011000000000001001110111000000000101001000011000011110100101000010000001000010011111101000011101010101111000000011111010101000000010000001101100001111011100110011110010000000001000
01110100000000000010011000000000001001110111000000000101001000011000011110100101000010000001000010011111101000011101010101111000000011111010101000000011001001011010110100111100110011110010000000001000
01110100000000000010011000000000001001110111000000000101001000011000011110100101000010000001000010011111101000011101010101111000000011111010101000000011001001011010110100111101111000011100000110110111
01110100000000000010011000000000001001110111000000000101001000011000011110100101000010000001000010011111101000011101010101111000000011111010101000000011001001011010110100111100110011110010000000110111
01110100000000000010011000000000001001110111000000000101001000011000011110100101000010000001000010011111101000011101010101111000000011111010101000000011001001011010110100111100110011110010000000110111
01110100000000000010011000000000001001110111000000000101001000011000011110100101000010000001000010011111101000011101010101111000000011111010101000000010000001101100001111011100110011110010000001111100
01110100000000000010011000000000001001110111000000000101001000011000011110100101000010000001000010011111101000011101010101111000000011111010101000000011001001011010110100111101111000011100000110001000
01110100000000000010011000000000001001110111000000000101001000011000011110100101000010000001000010011111101000011101010101111000000011111010101000000011001001011010110100111100110011110010000000110111
01110100000000000010011000000000001001110111000000000101001000011000011110100101000010000001000010011111101000011101010101111000000011111010101000000011001001011010110100111101111000011100000110001000
01110100000000000010011000000000001001110111000000000101001000011000011110100101000010000001000010011111101000011101010101111000000011111010101000000011001001011010110100111100110011110010000000110111
01110100000000000010011000000000001001110111000000000101001000011000011110100101000010000001000010011111101000011101010101111000000011111010101000000011001001011010110100111100110011110010000000110111
01110100000000000010011000000000001001110111000000000101001000011000011110100101000010000001000010011111101000011101010101111000000011111010101000000010000001101100001111011100110011110010000000001000
01110100000000000010011000000000001001110111000000000101001000011000011110100101000010000001000010011111101000011101010101111000000011111010101000000011001001011010110100111100110011110010000000110111
01110100000000000010011000000000001001110111000000000101001000011000011110100101000010000001000010011111101000011101010101111000000011111010101000000011001001011010110100111101111000011100000110001000
01110100000000000010011000000000001001110111000000000101001000011000011110100101000010000001000010011111101000011101010101111000000011111010101000000011001001011010110100111101111000011100000111111100
01110100000000000010011000000000001001110111000000000101001000011000011110100101000010000001000010011111101000011101010101111000000011111010101000000011001001011010110100111100110011110010000000110111
01110100000000000010011000000000001001110111000000000101001000011000011110100101000010000001000010011111101000011101010101111000000011111010101000000011001001011010110100111101111000011100000110001000
01110100000000000010011000000000001001110111000000000101001000011000011110100101000010000001000010011111101000011101010101111000000011111010101000000011001001011010110100111101111000011100000110001000
01110100000000000010011000000000001001110111000000000101001000011000011110100101000010000001000010011111101000011101010101111000000011111010101000000011001001011010110100111101111000011100000110001000
01110100000000000010011000000000001001110111000000000101001000011000011110100101000010000001000010011111101000011101010101111000000011111010101000000011001001011010110100111101111000011100000110001000
01110100000000000010011000000000001001110111000000000101001000011000011110100101000010000001000010011111101000011101010101111000000011111010101000000011001001011010110100111101111000011100000110001000